3,2
3,1
3,3
10,263
10,285
10,143
10,209
10,179
10,117
10,211
10,221
10,2
10,3
11,26
11,28
11,15
11,23
11,8
9,5
9,7
9,2
9,3
121,4
121,3
121,1
8,15
8,8
8,13
8,2
8,3
120,3
120,1
116,4
116,1
94,6
94,5
94,4
94,3
94,2
94,1
94,0
93,4
93,3
93,2
93,1
93,0
92,5
92,4
92,3
92,2
92,1
92,0
91,4
91,3
91,2
91,1
91,0
90,4
90,3
90,2
90,1
90,0
89,4
89,3
89,2
89,1
89,0
88,5
88,4
88,3
88,2
88,1
88,0
87,5
87,4
87,3
87,2
87,1
87,0
86,5
86,4
86,3
86,2
86,1
86,0
85,5
85,4
85,3
85,2
85,1
85,0
84,5
84,4
84,3
84,2
84,1
84,0
83,5
83,4
83,3
83,2
83,1
20,3
20,2
20,1
19,3
19,2
19,1
14,7
14,6
14,5
12,3
12,2
12,1
11,30
11,29
11,27
11,25
18,1
11,22
11,20
11,19
11,17
